Production main() running
number of optimizations = 1 max_iter = 2048 dim = 100
Current stack size: 1024 bytes
Successfully set stack size to 65536 bytes

Select function to optimize:
 1. Rosenbrock
 2. Rastrigin
 3. Ackley
 7. Custom (user-defined objective via expression or kernel file)
Choice: 

	Rosenbrock Function

first 20 hostResults
 333777.000000  0.000000  0.000000  0.000000  0.000000  0.000000  0.000000  0.000000  69244620849862793283550155608284292065984714908775818061212045704952195918944042928495925345440546318054231749079668254584623917105995376068097633357774347049730885568433524381378723607013122666214909864744051353419061875876556377960691577995465303676130010012972040010596352.000000  0.000000  0.000000  0.000000  0.000000  0.000000  0.000000  0.000000  0.000000  0.000000  0.000000  0.000000 
Recommended block size: 256


f0 = 1299132.317752
Optimization Kernel execution time = 2280087.500000 ms

Global Minima: 0.000000
Global Minima Index: 0
Coordinates associated with Global Minima:
x[0] = 1.000000
x[1] = 1.000000
x[2] = 1.000000
x[3] = 1.000000
x[4] = 1.000000
x[5] = 1.000000
x[6] = 1.000000
x[7] = 1.000000
x[8] = 1.000000
x[9] = 1.000000
x[10] = 1.000000
x[11] = 1.000000
x[12] = 1.000000
x[13] = 1.000000
x[14] = 1.000000
x[15] = 1.000000
x[16] = 1.000000
x[17] = 1.000000
x[18] = 1.000000
x[19] = 1.000000
x[20] = 1.000000
x[21] = 1.000000
x[22] = 1.000000
x[23] = 1.000000
x[24] = 1.000000
x[25] = 1.000000
x[26] = 1.000000
x[27] = 1.000000
x[28] = 1.000000
x[29] = 1.000000
x[30] = 1.000000
x[31] = 1.000000
x[32] = 1.000000
x[33] = 1.000000
x[34] = 1.000000
x[35] = 1.000000
x[36] = 1.000000
x[37] = 1.000000
x[38] = 1.000000
x[39] = 1.000000
x[40] = 1.000000
x[41] = 1.000000
x[42] = 1.000000
x[43] = 1.000000
x[44] = 1.000000
x[45] = 1.000000
x[46] = 1.000000
x[47] = 1.000000
x[48] = 1.000000
x[49] = 1.000000
x[50] = 1.000000
x[51] = 1.000000
x[52] = 1.000000
x[53] = 1.000000
x[54] = 1.000000
x[55] = 1.000000
x[56] = 1.000000
x[57] = 1.000000
x[58] = 1.000000
x[59] = 1.000000
x[60] = 1.000000
x[61] = 1.000000
x[62] = 1.000000
x[63] = 1.000000
x[64] = 1.000000
x[65] = 1.000000
x[66] = 1.000000
x[67] = 1.000000
x[68] = 1.000000
x[69] = 1.000000
x[70] = 1.000000
x[71] = 1.000000
x[72] = 1.000000
x[73] = 1.000000
x[74] = 1.000000
x[75] = 1.000000
x[76] = 1.000000
x[77] = 1.000000
x[78] = 1.000000
x[79] = 1.000000
x[80] = 1.000000
x[81] = 1.000000
x[82] = 1.000000
x[83] = 1.000000
x[84] = 1.000000
x[85] = 1.000000
x[86] = 1.000000
x[87] = 1.000000
x[88] = 1.000000
x[89] = 1.000000
x[90] = 1.000000
x[91] = 1.000000
x[92] = 1.000000
x[93] = 1.000000
x[94] = 1.000000
x[95] = 1.000000
x[96] = 1.000000
x[97] = 1.000000
x[98] = 1.000000
x[99] = 0.999999

Success!! No Error!
first 20 function values in hostResults
 0.000000  0.000000  0.000000  0.000000  0.000000  0.000000  0.000000  0.000000  69244620849862793283550155608284292065984714908775818061212045704952195918944042928495925345440546318054231749079668254584623917105995376068097633357774347049730885568433524381378723607013122666214909864744051353419061875876556377960691577995465303676130010012972040010596352.000000  0.000000  1.000000  1.000000  1.000000  1.000000  1.000000  1.000000  1.000000  1.000000  1.000000  1.000000 

Do you want to optimize another function? (y/n): 