Production main() running
number of optimizations = 512 max_iter = 4 dim = 100
Current stack size: 1024 bytes
Successfully set stack size to 65536 bytes

Select function to optimize:
 1. Rosenbrock
 2. Rastrigin
 3. Ackley
 7. Custom (user-defined objective via expression or kernel file)
Choice: 

	Rosenbrock Function

first 20 hostResults
 333777.000000  333777.000000  333777.000000  333777.000000  333777.000000  333777.000000  333777.000000  333777.000000  333777.000000  333777.000000  333777.000000  333777.000000  333777.000000  333777.000000  333777.000000  333777.000000  333777.000000  333777.000000  333777.000000  333777.000000 
Recommended block size: 256


f0 = 1299132.317752
Optimization Kernel execution time = 49111.507812 ms

Global Minima: 2410.102933
Global Minima Index: 321
Coordinates associated with Global Minima:
x[0] = -0.840288
x[1] = 0.532832
x[2] = -0.410879
x[3] = -0.074915
x[4] = -0.478656
x[5] = 0.406628
x[6] = 0.093538
x[7] = -0.228371
x[8] = 0.075161
x[9] = -0.068766
x[10] = -0.374422
x[11] = -0.502438
x[12] = -0.091784
x[13] = -0.673884
x[14] = 0.487397
x[15] = 0.476292
x[16] = 0.510837
x[17] = 0.355322
x[18] = 0.131746
x[19] = -0.937907
x[20] = 1.115823
x[21] = 0.946183
x[22] = 0.567646
x[23] = 0.061824
x[24] = -0.276872
x[25] = 0.295150
x[26] = -0.799921
x[27] = 0.558083
x[28] = 0.526476
x[29] = -0.624325
x[30] = 0.896650
x[31] = 1.195082
x[32] = 0.850573
x[33] = 0.444456
x[34] = 0.745391
x[35] = 0.340676
x[36] = -0.379807
x[37] = 0.422026
x[38] = -0.024876
x[39] = -0.490818
x[40] = 0.342544
x[41] = -0.653154
x[42] = 0.837354
x[43] = 0.692754
x[44] = -0.226581
x[45] = -0.090848
x[46] = 0.123109
x[47] = 0.077203
x[48] = -0.207031
x[49] = -0.582291
x[50] = -0.833107
x[51] = 0.439316
x[52] = -0.339596
x[53] = -0.172256
x[54] = -0.244991
x[55] = -0.636165
x[56] = -0.476311
x[57] = -0.053286
x[58] = -0.322402
x[59] = 0.109466
x[60] = -0.632514
x[61] = 0.290206
x[62] = -0.377140
x[63] = 0.039928
x[64] = -0.419241
x[65] = 0.211263
x[66] = -0.298520
x[67] = 0.200688
x[68] = -0.476918
x[69] = 0.218016
x[70] = -0.235992
x[71] = 1.276787
x[72] = 0.972378
x[73] = 0.326875
x[74] = -1.047553
x[75] = 1.073443
x[76] = 0.824953
x[77] = 0.396644
x[78] = -0.257448
x[79] = 0.550536
x[80] = 0.146516
x[81] = -0.405716
x[82] = 0.068661
x[83] = -0.054373
x[84] = -0.730135
x[85] = 0.898958
x[86] = 0.837489
x[87] = 0.134354
x[88] = -0.564044
x[89] = 0.367647
x[90] = -0.272578
x[91] = -0.110578
x[92] = -1.025723
x[93] = 0.816486
x[94] = 0.400768
x[95] = -0.590149
x[96] = 0.408362
x[97] = -0.944604
x[98] = 1.318158
x[99] = 2.348018

Success!! No Error!
first 20 function values in hostResults
 89497.028154  107356.599786  90678.508065  127512.557796  94207.484074  67128.596502  124167.788542  77867.929716  82355.141159  80680.264350  96614.943679  89978.743799  124567.970373  89724.872354  108728.725441  99229.077470  104021.684848  98636.964259  97918.815211  90429.239265 

Do you want to optimize another function? (y/n): 