Production main() running
number of optimizations = 32 max_iter = 64 dim = 100
Current stack size: 1024 bytes
Successfully set stack size to 65536 bytes

Select function to optimize:
 1. Rosenbrock
 2. Rastrigin
 3. Ackley
 7. Custom (user-defined objective via expression or kernel file)
Choice: 

	Rosenbrock Function

first 20 hostResults
 333777.000000  333777.000000  333777.000000  333777.000000  333777.000000  333777.000000  333777.000000  333777.000000  333777.000000  333777.000000  333777.000000  333777.000000  333777.000000  333777.000000  333777.000000  333777.000000  333777.000000  333777.000000  333777.000000  333777.000000 
Recommended block size: 256


f0 = 1299132.317752
Optimization Kernel execution time = 275808.343750 ms

Global Minima: 1678.122083
Global Minima Index: 6
Coordinates associated with Global Minima:
x[0] = -0.982485
x[1] = 0.771685
x[2] = 0.406406
x[3] = -0.079190
x[4] = -0.652392
x[5] = 0.704438
x[6] = 0.745379
x[7] = 0.546341
x[8] = 0.392847
x[9] = 0.096647
x[10] = -0.747946
x[11] = 0.443400
x[12] = 0.162256
x[13] = -0.275417
x[14] = -0.580887
x[15] = 0.426438
x[16] = 0.738421
x[17] = 0.682298
x[18] = 0.394222
x[19] = 0.448851
x[20] = -0.094875
x[21] = -0.144098
x[22] = -0.258821
x[23] = -0.875713
x[24] = 0.980565
x[25] = 1.023246
x[26] = 1.071311
x[27] = 1.094003
x[28] = 0.941941
x[29] = 1.048172
x[30] = 0.848531
x[31] = 1.026821
x[32] = 1.327542
x[33] = 0.902329
x[34] = 0.747001
x[35] = -0.025113
x[36] = -0.350479
x[37] = 0.194724
x[38] = -0.882280
x[39] = 0.855194
x[40] = 0.876781
x[41] = 0.544862
x[42] = -0.179873
x[43] = 0.600980
x[44] = 0.704289
x[45] = 0.415890
x[46] = -0.178250
x[47] = -0.117976
x[48] = -0.592526
x[49] = 0.046461
x[50] = -0.401239
x[51] = 0.017262
x[52] = 0.333548
x[53] = -0.495363
x[54] = -0.037683
x[55] = -0.363276
x[56] = 0.454422
x[57] = -0.243744
x[58] = -0.492531
x[59] = 0.142855
x[60] = -0.994420
x[61] = 1.143450
x[62] = 1.037247
x[63] = 1.006649
x[64] = 0.695965
x[65] = 0.652074
x[66] = 0.249385
x[67] = -0.532379
x[68] = -0.015360
x[69] = -0.446405
x[70] = 0.033679
x[71] = 0.051141
x[72] = -0.779286
x[73] = 0.922272
x[74] = 0.585612
x[75] = 0.053831
x[76] = -0.614329
x[77] = 0.320101
x[78] = 0.293729
x[79] = -1.001831
x[80] = 1.059018
x[81] = 0.990253
x[82] = 0.780488
x[83] = 0.877241
x[84] = 0.732986
x[85] = 0.262873
x[86] = 0.031467
x[87] = -0.624543
x[88] = 0.207121
x[89] = -0.488203
x[90] = 0.495479
x[91] = 0.297104
x[92] = -0.714758
x[93] = 0.722861
x[94] = 0.523222
x[95] = 0.137043
x[96] = -0.921004
x[97] = 1.228551
x[98] = 1.332900
x[99] = 1.908783

Success!! No Error!
first 20 function values in hostResults
 3883.914591  7321.432899  3210.272325  4023.200744  4059.420639  1942.736175  1678.122083  2830.515089  1901.248879  5548.662813  4468.783473  3508.955267  4113.513480  5286.152868  3768.920582  2066.672122  5542.567476  5226.047609  4407.994522  5049.978273 

Do you want to optimize another function? (y/n): 