Production main() running
number of optimizations = 256 max_iter = 8 dim = 100
Current stack size: 1024 bytes
Successfully set stack size to 65536 bytes

Select function to optimize:
 1. Rosenbrock
 2. Rastrigin
 3. Ackley
 7. Custom (user-defined objective via expression or kernel file)
Choice: 

	Rosenbrock Function

first 20 hostResults
 333777.000000  333777.000000  333777.000000  333777.000000  333777.000000  333777.000000  333777.000000  333777.000000  333777.000000  333777.000000  333777.000000  333777.000000  333777.000000  333777.000000  333777.000000  333777.000000  333777.000000  333777.000000  333777.000000  333777.000000 
Recommended block size: 256


f0 = 1299132.317752
Optimization Kernel execution time = 37752.984375 ms

Global Minima: 57874.217310
Global Minima Index: 208
Coordinates associated with Global Minima:
x[0] = -1.638199
x[1] = 1.099004
x[2] = 0.977851
x[3] = -1.826016
x[4] = 0.759721
x[5] = -1.261077
x[6] = -2.566727
x[7] = -0.238975
x[8] = 0.282375
x[9] = -0.051645
x[10] = -2.539966
x[11] = 1.705933
x[12] = 1.056989
x[13] = 0.910234
x[14] = 1.130294
x[15] = 1.273376
x[16] = 1.175127
x[17] = 1.172163
x[18] = 1.223374
x[19] = -1.854243
x[20] = 0.756020
x[21] = -1.066432
x[22] = 1.268703
x[23] = 0.650396
x[24] = -2.556757
x[25] = 1.240612
x[26] = 1.125532
x[27] = -0.018364
x[28] = -0.036579
x[29] = -0.641093
x[30] = 0.405345
x[31] = 0.232029
x[32] = -0.914066
x[33] = -0.874421
x[34] = -0.161749
x[35] = 0.125289
x[36] = 1.294111
x[37] = 1.840205
x[38] = 2.279029
x[39] = -1.882721
x[40] = -2.354739
x[41] = -2.287506
x[42] = 0.947192
x[43] = 0.010057
x[44] = -1.326124
x[45] = 1.948457
x[46] = 2.341078
x[47] = 1.436211
x[48] = 0.518590
x[49] = -0.809491
x[50] = 1.291899
x[51] = 2.936071
x[52] = 1.496755
x[53] = 0.216975
x[54] = -1.090880
x[55] = 1.615701
x[56] = 1.257618
x[57] = 0.686635
x[58] = 0.559516
x[59] = 0.051079
x[60] = -2.885681
x[61] = 1.052290
x[62] = -0.521559
x[63] = 0.735543
x[64] = 0.056958
x[65] = -1.363884
x[66] = 1.137361
x[67] = 1.597828
x[68] = 1.543858
x[69] = 2.089761
x[70] = 1.559670
x[71] = 1.063926
x[72] = 1.041103
x[73] = 1.066288
x[74] = -1.243682
x[75] = -0.520802
x[76] = -1.268521
x[77] = -0.035183
x[78] = -1.426720
x[79] = -0.440955
x[80] = 1.467626
x[81] = 0.272767
x[82] = -0.506117
x[83] = -0.706959
x[84] = -0.831484
x[85] = 2.035853
x[86] = 1.285287
x[87] = 0.796745
x[88] = 0.364570
x[89] = -0.609140
x[90] = 1.130736
x[91] = 0.512377
x[92] = 0.263234
x[93] = -0.160002
x[94] = -0.034886
x[95] = -1.887960
x[96] = 2.028600
x[97] = 1.550853
x[98] = 0.003248
x[99] = -0.662579

Success!! No Error!
first 20 function values in hostResults
 85459.464077  100539.699345  85504.710316  123029.232804  90226.413119  63484.621288  121407.238191  74348.391949  77756.294504  73387.616192  93431.827823  87010.190458  119151.043950  84673.683549  105953.588885  96068.801356  99777.539926  96095.474202  93260.165467  86073.593244 

Do you want to optimize another function? (y/n): 