Production main() running
number of optimizations = 32 max_iter = 32 dim = 100
Current stack size: 1024 bytes
Successfully set stack size to 65536 bytes

Select function to optimize:
 1. Rosenbrock
 2. Rastrigin
 3. Ackley
 7. Custom (user-defined objective via expression or kernel file)
Choice: 

	Rosenbrock Function

first 20 hostResults
 333777.000000  333777.000000  333777.000000  333777.000000  333777.000000  333777.000000  333777.000000  333777.000000  333777.000000  333777.000000  333777.000000  333777.000000  333777.000000  333777.000000  333777.000000  333777.000000  333777.000000  333777.000000  333777.000000  333777.000000 
Recommended block size: 256
Save optimization trajectories? (y/n): 

f0 = 1299132.317752
Optimization Kernel execution time = 84735.195312 ms

Global Minima: 14521.443939
Global Minima Index: 15
Coordinates associated with Global Minima:
x[0] = 1.816634
x[1] = 2.254805
x[2] = 0.921062
x[3] = -1.008898
x[4] = -0.038157
x[5] = -0.312927
x[6] = -0.996696
x[7] = 0.735016
x[8] = -0.101428
x[9] = 0.618685
x[10] = -1.098353
x[11] = 0.423663
x[12] = 0.471425
x[13] = -0.877927
x[14] = -0.369840
x[15] = -0.320818
x[16] = -0.914094
x[17] = 0.540612
x[18] = -1.336410
x[19] = 1.036522
x[20] = 1.116907
x[21] = 0.240564
x[22] = -1.552101
x[23] = 0.013246
x[24] = 1.433459
x[25] = 0.950353
x[26] = 0.158743
x[27] = 0.301986
x[28] = -0.321797
x[29] = -1.242018
x[30] = 0.275653
x[31] = -0.877094
x[32] = -1.061109
x[33] = 0.675229
x[34] = -1.494326
x[35] = 1.058697
x[36] = -1.398335
x[37] = 1.273354
x[38] = 0.205731
x[39] = -0.870699
x[40] = -1.394724
x[41] = -0.286540
x[42] = -1.101740
x[43] = 0.897727
x[44] = 1.350602
x[45] = 0.846904
x[46] = -0.896211
x[47] = 1.275496
x[48] = 1.451570
x[49] = 1.253631
x[50] = 0.354152
x[51] = -1.078533
x[52] = -0.241570
x[53] = -1.151873
x[54] = -0.690493
x[55] = -0.701168
x[56] = -0.020476
x[57] = -0.949131
x[58] = 0.856460
x[59] = 0.666707
x[60] = -1.128487
x[61] = 0.802337
x[62] = -0.477612
x[63] = -0.821686
x[64] = 1.134389
x[65] = 1.206348
x[66] = 1.046061
x[67] = 0.000689
x[68] = 0.524079
x[69] = -0.695120
x[70] = -0.674326
x[71] = -0.866456
x[72] = -0.143879
x[73] = 0.143509
x[74] = -0.787788
x[75] = -0.880823
x[76] = 1.350884
x[77] = 0.808868
x[78] = 0.935944
x[79] = 1.230608
x[80] = 0.794742
x[81] = -0.867130
x[82] = 0.836001
x[83] = 1.379931
x[84] = 1.224774
x[85] = -0.978770
x[86] = 0.456471
x[87] = 1.039624
x[88] = 0.137195
x[89] = -1.188576
x[90] = 0.612584
x[91] = -0.822695
x[92] = 1.315812
x[93] = 0.907141
x[94] = -1.127011
x[95] = 0.448067
x[96] = -0.567656
x[97] = -0.079906
x[98] = 0.512810
x[99] = 2.574366

Success!! No Error!
first 20 function values in hostResults
 65741.850031  85661.356171  25749.663537  53345.224244  26231.938121  21161.517841  17694.847798  28914.994777  27250.781896  45548.764540  25823.569548  67015.791357  16961.293528  76264.532616  19574.706051  14521.443939  41671.480676  83154.769877  83043.802089  73761.545568 

Do you want to optimize another function? (y/n): 