Production main() running
number of optimizations = 32 max_iter = 16 dim = 100
Current stack size: 1024 bytes
Successfully set stack size to 65536 bytes

Select function to optimize:
 1. Rosenbrock
 2. Rastrigin
 3. Ackley
 7. Custom (user-defined objective via expression or kernel file)
Choice: 

	Rosenbrock Function

first 20 hostResults
 333777.000000  333777.000000  333777.000000  333777.000000  333777.000000  333777.000000  333777.000000  333777.000000  333777.000000  333777.000000  333777.000000  333777.000000  333777.000000  333777.000000  333777.000000  333777.000000  333777.000000  333777.000000  333777.000000  333777.000000 
Recommended block size: 256
Save optimization trajectories? (y/n): 

f0 = 1299132.317752
Optimization Kernel execution time = 92621.726562 ms

Global Minima: 62017.543841
Global Minima Index: 5
Coordinates associated with Global Minima:
x[0] = -1.547242
x[1] = 2.055136
x[2] = 1.537678
x[3] = 1.548760
x[4] = 1.930899
x[5] = 1.205484
x[6] = 1.158883
x[7] = 1.391692
x[8] = -2.105109
x[9] = 0.361400
x[10] = -1.686056
x[11] = 2.530781
x[12] = 1.057744
x[13] = -0.134475
x[14] = -1.198669
x[15] = 1.556512
x[16] = 2.126358
x[17] = 1.177489
x[18] = -0.102126
x[19] = -1.537041
x[20] = 2.512747
x[21] = 1.575446
x[22] = 0.910143
x[23] = -1.230759
x[24] = 2.186700
x[25] = -2.573738
x[26] = 1.979006
x[27] = 2.066522
x[28] = 1.511322
x[29] = 0.970315
x[30] = -2.622562
x[31] = 0.497933
x[32] = -2.582966
x[33] = 1.448339
x[34] = 0.516191
x[35] = -1.327932
x[36] = 0.257180
x[37] = -1.540715
x[38] = 1.232801
x[39] = 1.336125
x[40] = 1.466242
x[41] = 0.847348
x[42] = -0.243731
x[43] = 1.394492
x[44] = 1.644763
x[45] = 1.935154
x[46] = 2.232072
x[47] = -0.140104
x[48] = -2.448795
x[49] = 1.468234
x[50] = 1.569460
x[51] = 2.325173
x[52] = -1.523913
x[53] = 1.333810
x[54] = 1.463582
x[55] = 1.674877
x[56] = 2.097280
x[57] = 1.869160
x[58] = 1.899142
x[59] = 2.637332
x[60] = 1.751553
x[61] = 0.952528
x[62] = -0.403819
x[63] = -0.883101
x[64] = -1.245832
x[65] = 0.997867
x[66] = 0.156846
x[67] = -1.343779
x[68] = 2.195589
x[69] = 1.671786
x[70] = 0.747835
x[71] = -1.813313
x[72] = 1.604339
x[73] = 2.513700
x[74] = 1.443692
x[75] = 1.014842
x[76] = -0.046627
x[77] = -2.267110
x[78] = 0.899481
x[79] = -0.925187
x[80] = 1.777858
x[81] = 0.286763
x[82] = -2.678559
x[83] = 1.578680
x[84] = 1.640244
x[85] = 1.780208
x[86] = 1.710857
x[87] = 0.962205
x[88] = -0.357833
x[89] = 0.680059
x[90] = 1.172485
x[91] = 1.667596
x[92] = 1.455940
x[93] = 1.321850
x[94] = 0.733531
x[95] = -0.388896
x[96] = 0.535540
x[97] = -0.098780
x[98] = -1.405578
x[99] = 2.343467

Success!! No Error!
first 20 function values in hostResults
 82807.636723  97895.321623  83807.584842  119578.593089  88028.379940  62017.543841  118917.538282  72031.496359  74168.082474  65346.927216  90346.835920  85059.785191  108633.285999  81546.597303  104013.770203  94659.247740  97330.529096  93916.112115  90751.698892  83647.921711 

Do you want to optimize another function? (y/n): 