Production main() running
number of optimizations = 256 max_iter = 2 dim = 100
Current stack size: 1024 bytes
Successfully set stack size to 65536 bytes

Select function to optimize:
 1. Rosenbrock
 2. Rastrigin
 3. Ackley
 7. Custom (user-defined objective via expression or kernel file)
Choice: 

	Rosenbrock Function

first 20 hostResults
 333777.000000  333777.000000  333777.000000  333777.000000  333777.000000  333777.000000  333777.000000  333777.000000  333777.000000  333777.000000  333777.000000  333777.000000  333777.000000  333777.000000  333777.000000  333777.000000  333777.000000  333777.000000  333777.000000  333777.000000 
Recommended block size: 256
Save optimization trajectories? (y/n): 

f0 = 1299132.317752
Optimization Kernel execution time = 13317.096680 ms

Global Minima: 67813.021862
Global Minima Index: 55
Coordinates associated with Global Minima:
x[0] = 0.563771
x[1] = -0.978578
x[2] = 1.318683
x[3] = 0.846342
x[4] = -1.213182
x[5] = 2.052606
x[6] = -0.304267
x[7] = -0.961324
x[8] = 1.750568
x[9] = 1.663257
x[10] = 0.957059
x[11] = -1.119170
x[12] = 0.526550
x[13] = 0.274284
x[14] = -1.508033
x[15] = 1.043843
x[16] = -1.360814
x[17] = 1.064218
x[18] = -0.932872
x[19] = -1.351895
x[20] = 0.666626
x[21] = 0.910835
x[22] = -1.362579
x[23] = 1.105387
x[24] = -1.005619
x[25] = 0.928817
x[26] = -1.398078
x[27] = 1.037825
x[28] = -1.021073
x[29] = 0.657855
x[30] = -1.295735
x[31] = 1.139307
x[32] = 0.853067
x[33] = -1.423792
x[34] = 1.365748
x[35] = 0.389558
x[36] = -1.455994
x[37] = 1.367767
x[38] = 0.206661
x[39] = -0.489087
x[40] = 1.640798
x[41] = 1.642806
x[42] = 1.463760
x[43] = 2.555423
x[44] = -0.265028
x[45] = -1.263791
x[46] = 0.751556
x[47] = -1.304117
x[48] = -2.025774
x[49] = -2.395250
x[50] = 0.637761
x[51] = -1.357325
x[52] = 2.038810
x[53] = 1.376380
x[54] = 1.075678
x[55] = 1.936211
x[56] = 0.003959
x[57] = -1.491627
x[58] = 1.673541
x[59] = 1.120950
x[60] = -0.935619
x[61] = 0.709628
x[62] = 1.469738
x[63] = -1.836341
x[64] = -2.175918
x[65] = -1.831505
x[66] = -0.907204
x[67] = -1.173658
x[68] = 1.346263
x[69] = 1.081233
x[70] = 0.760303
x[71] = -2.123313
x[72] = -1.982294
x[73] = -1.899769
x[74] = 2.445298
x[75] = 0.802598
x[76] = 0.837868
x[77] = 1.489726
x[78] = -1.326694
x[79] = 0.994360
x[80] = -0.918596
x[81] = -2.246128
x[82] = -2.170845
x[83] = -1.184633
x[84] = -0.873912
x[85] = -1.058915
x[86] = 0.138912
x[87] = -0.754166
x[88] = -1.435425
x[89] = 1.783588
x[90] = 2.724161
x[91] = 1.614390
x[92] = 1.590340
x[93] = 0.187450
x[94] = 1.092996
x[95] = 0.958794
x[96] = -0.809764
x[97] = -1.228323
x[98] = 2.121883
x[99] = 5.047357

Success!! No Error!
first 20 function values in hostResults
 100969.747885  118110.498392  100553.924365  137851.686469  103765.218245  75385.370978  132088.290499  87849.345957  90866.565907  90922.752846  105950.145255  99055.168318  132332.495603  98208.399136  117392.503386  109621.721409  113026.968236  106262.849527  107583.174118  98687.877252 

Do you want to optimize another function? (y/n): 