Production main() running
number of optimizations = 128 max_iter = 1 dim = 100
Current stack size: 1024 bytes
Successfully set stack size to 65536 bytes

Select function to optimize:
 1. Rosenbrock
 2. Rastrigin
 3. Ackley
 7. Custom (user-defined objective via expression or kernel file)
Choice: 

	Rosenbrock Function

first 20 hostResults
 333777.000000  333777.000000  333777.000000  333777.000000  333777.000000  333777.000000  333777.000000  333777.000000  333777.000000  333777.000000  333777.000000  333777.000000  333777.000000  333777.000000  333777.000000  333777.000000  333777.000000  333777.000000  333777.000000  333777.000000 
Recommended block size: 256


f0 = 1299132.317752
Optimization Kernel execution time = 6601.687988 ms

Global Minima: 136881.898120
Global Minima Index: 68
Coordinates associated with Global Minima:
x[0] = 2.364888
x[1] = 0.631512
x[2] = -1.933385
x[3] = -1.804508
x[4] = 1.049564
x[5] = -2.303129
x[6] = 2.391220
x[7] = -1.125841
x[8] = 1.295249
x[9] = 1.995843
x[10] = -2.232464
x[11] = 2.576423
x[12] = 1.208688
x[13] = 0.502044
x[14] = 2.289593
x[15] = -1.001035
x[16] = 2.607467
x[17] = 2.539498
x[18] = 1.059404
x[19] = -2.356770
x[20] = 1.547116
x[21] = 2.633463
x[22] = 1.998112
x[23] = -0.592448
x[24] = 0.324450
x[25] = 0.224502
x[26] = -1.026324
x[27] = 1.783555
x[28] = -1.655162
x[29] = -2.229767
x[30] = 2.242078
x[31] = 0.873171
x[32] = 2.066823
x[33] = -2.300661
x[34] = 1.505495
x[35] = -1.082986
x[36] = -2.152382
x[37] = 1.829218
x[38] = 2.013419
x[39] = 1.591993
x[40] = -0.498722
x[41] = 2.572805
x[42] = 2.209502
x[43] = -2.303867
x[44] = 0.417942
x[45] = 0.638798
x[46] = 2.220574
x[47] = 1.458981
x[48] = 1.394955
x[49] = 1.934245
x[50] = -0.586492
x[51] = -2.462620
x[52] = 1.541263
x[53] = 1.495240
x[54] = 2.594130
x[55] = 2.647233
x[56] = -0.203054
x[57] = 2.699547
x[58] = 2.817418
x[59] = 1.886434
x[60] = 0.184240
x[61] = 2.005031
x[62] = -2.195074
x[63] = 2.194259
x[64] = 0.815583
x[65] = 1.459041
x[66] = 2.816669
x[67] = 1.902937
x[68] = -1.123299
x[69] = -1.712847
x[70] = -1.324728
x[71] = 0.872342
x[72] = -1.075072
x[73] = -2.272855
x[74] = 0.407111
x[75] = 1.664742
x[76] = 1.438679
x[77] = -2.333957
x[78] = -0.220942
x[79] = -1.816209
x[80] = -0.925040
x[81] = 2.485098
x[82] = 0.717422
x[83] = -0.122611
x[84] = 2.083758
x[85] = -2.283465
x[86] = 1.448249
x[87] = -2.476807
x[88] = 2.041367
x[89] = 2.510109
x[90] = 0.726353
x[91] = 1.138067
x[92] = -0.880275
x[93] = 0.196047
x[94] = -1.826741
x[95] = -2.094785
x[96] = 0.953256
x[97] = 0.800480
x[98] = 2.668323
x[99] = 3.407639

Success!! No Error!
first 20 function values in hostResults
 154339.606034  177239.789266  172543.526249  200177.629488  179336.488382  150159.810351  187726.856995  157512.589846  158323.393414  151166.604263  168160.093027  166734.764868  185392.791732  166795.099402  171252.984005  186745.166027  187769.341658  191611.009244  178122.904587  168147.568299 

Do you want to optimize another function? (y/n): 