Production main() running
number of optimizations = 16 max_iter = 8 dim = 100
Current stack size: 1024 bytes
Successfully set stack size to 65536 bytes

Select function to optimize:
 1. Rosenbrock
 2. Rastrigin
 3. Ackley
 7. Custom (user-defined objective via expression or kernel file)
Choice: 

	Rosenbrock Function

first 20 hostResults
 333777.000000  333777.000000  333777.000000  333777.000000  333777.000000  333777.000000  333777.000000  333777.000000  333777.000000  333777.000000  333777.000000  333777.000000  333777.000000  333777.000000  333777.000000  333777.000000  0.000000  0.000000  0.000000  0.000000 
Recommended block size: 256


f0 = 1299132.317752
Optimization Kernel execution time = 43302.898438 ms

Global Minima: 63484.621288
Global Minima Index: 5
Coordinates associated with Global Minima:
x[0] = -1.499407
x[1] = 2.052402
x[2] = 1.448158
x[3] = 1.492740
x[4] = 1.819082
x[5] = 0.882000
x[6] = -0.343659
x[7] = 1.399426
x[8] = -2.070825
x[9] = 0.270790
x[10] = -1.663427
x[11] = 2.446393
x[12] = 0.292753
x[13] = -0.131621
x[14] = -0.500198
x[15] = 1.300561
x[16] = 1.847074
x[17] = -0.224060
x[18] = -0.122827
x[19] = -1.441239
x[20] = 2.491969
x[21] = 1.590101
x[22] = 0.832779
x[23] = -1.232979
x[24] = 2.229385
x[25] = -2.647272
x[26] = 1.976224
x[27] = 2.063758
x[28] = 1.495999
x[29] = 0.927079
x[30] = -2.663935
x[31] = 0.585124
x[32] = -2.559755
x[33] = 1.327636
x[34] = 0.239318
x[35] = -1.389495
x[36] = 0.274521
x[37] = -1.584235
x[38] = 1.149766
x[39] = 1.118537
x[40] = 1.188787
x[41] = 0.340431
x[42] = -0.796960
x[43] = 1.414868
x[44] = 1.702738
x[45] = 1.923975
x[46] = 2.273843
x[47] = -0.026503
x[48] = -2.467267
x[49] = 1.505539
x[50] = 1.561817
x[51] = 2.383324
x[52] = -1.414148
x[53] = 1.086429
x[54] = 1.407891
x[55] = 1.612673
x[56] = 1.948903
x[57] = 1.175464
x[58] = 1.281787
x[59] = 2.565726
x[60] = 1.468816
x[61] = 0.263949
x[62] = -0.626077
x[63] = -0.841765
x[64] = -1.137972
x[65] = 0.758310
x[66] = 0.106409
x[67] = -1.195001
x[68] = 2.205450
x[69] = 1.701549
x[70] = 0.907324
x[71] = -1.292881
x[72] = 0.001509
x[73] = 2.455376
x[74] = 1.209970
x[75] = 0.925111
x[76] = 0.005271
x[77] = -2.248596
x[78] = 0.858330
x[79] = -0.848395
x[80] = 1.756072
x[81] = 0.378233
x[82] = -2.741792
x[83] = 1.491847
x[84] = 0.978001
x[85] = 1.570500
x[86] = 1.608484
x[87] = 0.522341
x[88] = -0.903184
x[89] = 0.972906
x[90] = 1.248338
x[91] = 1.696730
x[92] = 1.303278
x[93] = 0.792435
x[94] = 0.129997
x[95] = -0.691804
x[96] = 0.675192
x[97] = 0.103383
x[98] = -1.956032
x[99] = 4.278408

Success!! No Error!
first 20 function values in hostResults
 85459.464077  100539.699345  85504.710316  123029.232804  90226.413119  63484.621288  121407.238191  74348.391949  77756.294504  73387.616192  93431.827823  87010.190458  119151.043950  84673.683549  105953.588885  96068.801356  0.000000  0.000000  0.000000  0.000000 

Do you want to optimize another function? (y/n): 